28385
24612
30366
32417
19591
32310
12972
9857
29029
32179
3419
14143
3495
942
3373
15934
29961
1156
10772
6537
8431
17290
25819
28110
11935
22225
11964
18362
6117
17870
8436
17561
26457
18217
2062
17643
5878
13458
24255
5866
27530
28447
25760
20095
16739
4917
9277
17563
13338
1774
9977
166
24578
13886
32312
1268
10494
16341
2876
30836
18703
32393
1951
3259
11196
10998
10051
1594
26539
23357
18668
12562
1980
25549
7680
18354
24274
16264
13040
29421
9115
22363
17176
32412
10180
9347
25304
11946
18784
9212
14634
14690
3131
9946
21573
17731
634
20403
3260
6605
21723
11213
19637
25168
21851
27458
18830
381
17591
2906
7322
16668
28638
23749
27489
9342
5116
5263
3522
29417
15511
18144
4844
31721
9520
4474
6348
17462
6604
27578
20026
27687
9092
5290
18756
29332
30635
29545
13276
14486
30278
10202
30865
14807
1962
15728
3084
10624
5268
13305
